-0.1391628
-0.1154925
-0.1062058
-0.1226374
-0.1248529
-0.1033181
-0.1129356
-0.0987105
-0.0935252
-0.1004551
-0.0743576
-0.0620153
-0.0525604
-0.0488202
-0.0682011
-0.0705239
-0.0453282
-0.0372158
-0.0535335
-0.0453418
-0.0196352
-0.0237814
-0.0244857
-0.0378365
-0.0779677
-0.0742549
-0.0597397
-0.0427699
-0.0056708
-0.0015368
-0.0116156
-0.0071943
-0.0008202
-0.0041204
-0.0098597
0.0047641
0.0070955
-0.0129814
-0.0268850
-0.0374875
-0.0593442
-0.0681148
-0.0312099
-0.0196168
-0.0343830
-0.0257438
-0.0368954
-0.0547908
-0.0763104
-0.1016587
-0.1128846
-0.1091294
-0.0780701
-0.0960598
-0.1221582
-0.0824603
-0.0662796
-0.0839324
-0.0987369
-0.0466874
0.0370462
0.0014676
-0.0306108
0.0558598
0.1097745
0.1123747
0.1331964
0.1520997
0.1453968
0.1573441
0.1870846
0.1814813
0.2115346
0.1982309
0.1473297
0.1525755
0.1636310
0.1781265
0.1080139
0.1521257
0.2431426
0.2274871
0.2767160
0.1990475
0.2565932
0.3786531
0.2658448
0.3404432
0.4274754
0.3630240
0.3836225
0.4264096
0.4350594
0.4380841
0.4580823
0.4907676
0.4566076
0.4009488
0.4449415
0.4735868
0.4513013
0.4385893
0.4221951
0.4509973
0.4730744
0.4549587
0.4559507
0.4650065
0.4749436
0.4570898
0.4629874
0.4985509
0.4818332
0.5088118
0.5289428
0.5177837
0.5245201
0.5015729
0.5082498
0.4842326
0.4401392
0.4172445
0.3791385
0.3586323
0.3522217
0.3578746
0.3844598
0.4068503
0.3704317
0.3615102
0.3650603
0.3268374
0.3183883
0.3068672
0.3214429
0.3323979
0.3214182
0.3281727
0.3021995
0.3088863
0.3207839
0.3187424
0.3788615
0.3823441
0.3763346
0.4190104
0.3854270
0.3709801
0.3971397
0.3724122
0.3592316
0.3431720
0.3380845
0.3595476
0.3237066
0.3182774
0.3174573
0.2925621
0.3011915
0.2878679
0.3025208
0.3053121
0.2323950
0.1561029
0.2035822
0.2868826
0.2736025
0.2808634
0.2504274
0.2232297
0.2870766
0.2534829
0.2418603
0.2735818
0.2546102
0.2618242
0.2250775
0.2437079
0.2229185
0.1730775
0.1729373
0.1257574
0.1529738
0.1428716
0.1079935
0.1140455
0.0847240
0.0750119
0.0607508
0.0141767
-0.0071379
-0.0383614
-0.0976637
-0.0828557
-0.0899974
-0.1157125
-0.1151954
-0.1536614
-0.1536872
-0.1586092
-0.1659006
-0.1519736
-0.0871518
-0.0614246
-0.1037410
-0.0731446
-0.1389391
-0.1513301
-0.1078690
-0.1582954
-0.1302496
-0.1469397
-0.1951038
-0.1804822
-0.1753816
-0.2314173
-0.2462857
-0.2209461
-0.2564305
-0.2295720
-0.2279509
-0.2618428
-0.2499068
-0.2637479
-0.2943695
-0.2998691
-0.2865984
-0.3146599
-0.3259653
-0.3581108
-0.3750661
-0.3055791
-0.3302625
-0.3511365
-0.3009335
-0.3490255
-0.3598724
-0.3042233
-0.3379243
-0.3379483
-0.3337038
-0.4238210
-0.4233051
-0.3988449
-0.4151906
-0.3892556
-0.4249823
-0.4427985
-0.4084428
-0.4277215
-0.4618867
-0.4848504
-0.5080129
-0.4830931
-0.4524176
-0.4616247
-0.4140199
-0.4274613
-0.4653772
-0.4191002
-0.4502664
-0.4418983
-0.3892640
-0.4404858
-0.4561375
-0.4429482
-0.4855922
-0.4918148
-0.4504802
-0.4912297
-0.5290644
-0.4788959
-0.5222962
-0.5276185
-0.4734825
-0.5323687
-0.4999357
-0.4578848
-0.5131299
-0.4611511
-0.4296925
-0.4802692
-0.4627086
-0.4851739
-0.5070259
-0.4673711
-0.4914388
-0.4838282
-0.4590738
-0.4847803
-0.4641807
-0.4590673
-0.4856394
-0.4443648
-0.4243249
-0.4063521
-0.3473636
-0.3468683
-0.3359882
-0.3176653
-0.3301601
-0.3363568
-0.3129965
-0.2827020
-0.2809920
-0.2584559
-0.2377219
-0.2437052
-0.2467544
-0.2284322
-0.2139446
-0.2342331
-0.2150232
-0.1520828
-0.1564140
-0.1793588
-0.1546158
-0.1654957
-0.1848653
-0.1402143
-0.1332348
-0.1650710
-0.1102801
-0.1258937
-0.1980904
-0.1290355
-0.1400022
-0.1891497
-0.1113127
-0.1094523
-0.1244650
-0.1082871
-0.1435769
-0.1084670
-0.0633925
-0.0940924
-0.0531791
-0.0113661
-0.0599149
-0.0377895
-0.0005138
-0.0463262
-0.0086726
0.0315098
-0.0186719
0.0294798
0.0541168
0.0187569
0.0601915
0.0309606
0.0070013
0.0328714
-0.0197119
-0.0167552
0.0095324
0.0017089
0.0159601
-0.0298670
-0.0351545
0.0759507
0.0275040
-0.0705420
-0.0438939
-0.0350753
0.0281073
-0.0114064
-0.0166197
0.0402144
0.0114042
0.0219695
-0.0191623
0.0758174
0.0885503
-0.0276963
-0.0056950
-0.0027755
0.0579957
0.0718944
-0.0095682
0.0149706
-0.0055278
-0.0769949
-0.0314703
-0.0387388
